kinematics:
  shoulder:
    x: 0
    y: 0
    z: 0.16272426310862534
    roll: -0
    pitch: 0
    yaw: -4.5709925010350982e-07
  upper_arm:
    x: 0.00019379813467043831
    y: 0
    z: 0
    roll: 1.5706520581553929
    pitch: 0
    yaw: -3.6410252466367869e-06
  forearm:
    x: -0.42504980106801638
    y: 0
    z: 0
    roll: 0.0025160263202623446
    pitch: -0.00033895810441263049
    yaw: 2.3673358755801655e-05
  wrist_1:
    x: -0.39271124046388295
    y: -0.00095727880026714313
    z: 0.1326644817298441
    roll: 0.0072156629559113113
    pitch: -0.0028759082553286397
    yaw: 3.1087788595795942e-07
  wrist_2:
    x: 1.8891076800006509e-05
    y: -0.099707767611820833
    z: 1.7018396386939214e-05
    roll: 1.570625644042396
    pitch: 0
    yaw: 1.5317567644210217e-06
  wrist_3:
    x: 3.6145501165240635e-05
    y: 0.099585286028588696
    z: 7.1494831296936063e-05
    roll: 1.571514252322501
    pitch: 3.1415926535897931
    yaw: -3.1415926117084068
  hash: calib_2089462667388424822