kinematics:
  shoulder:
    x: 0
    y: 0
    z: 0.15188497379686153
    roll: -0
    pitch: 0
    yaw: 6.0977137363254793e-05
  upper_arm:
    x: -5.6533207234432926e-06
    y: 0
    z: 0
    roll: 1.570844251867735
    pitch: 0
    yaw: 2.541818406001163e-05
  forearm:
    x: -0.24357369892909492
    y: 0
    z: 0
    roll: 3.1408819727448281
    pitch: 3.1414601607728438
    yaw: -3.1415265155090113
  wrist_1:
    x: -0.21292841478821867
    y: 0.00048506402454531479
    z: 0.11301075109662011
    roll: 3.1373004863304383
    pitch: 3.1363886827765697
    yaw: 3.1415791419793657
  wrist_2:
    x: 4.074182080180165e-05
    y: -0.085310893242290478
    z: -6.4346805950626749e-05
    roll: 1.5715505891323607
    pitch: 0
    yaw: -1.1414933636491948e-05
  wrist_3:
    x: -7.319426521397714e-05
    y: 0.08232894752301384
    z: -5.8521744863255091e-05
    roll: 1.5700854986261004
    pitch: 3.1415926535897931
    yaw: -3.1415870300000677
  hash: calib_3443727564195709335