kinematics:
  shoulder:
    x: 0
    y: 0
    z: 0.15192390485501492
    roll: -0
    pitch: 0
    yaw: 7.5207672895458863e-05
  upper_arm:
    x: 1.1565754681822927e-07
    y: 0
    z: 0
    roll: 1.5701230398196422
    pitch: 0
    yaw: -3.745754755790643e-05
  forearm:
    x: -0.24342623565759611
    y: 0
    z: 0
    roll: 0.0062667292139209178
    pitch: -0.0013839232587116385
    yaw: 3.5263175677186283e-05
  wrist_1:
    x: -0.21319918045377464
    y: -0.00042101985050556432
    z: 0.11194857450023041
    roll: 0.0037608148871306722
    pitch: 0.00014433964301166516
    yaw: -5.7788592498697277e-05
  wrist_2:
    x: 3.3301180434358473e-05
    y: -0.085304702494341758
    z: -2.7251181339165215e-05
    roll: 1.5711157837487961
    pitch: 0
    yaw: -3.3083428877200004e-05
  wrist_3:
    x: -4.675513506427485e-05
    y: 0.082256832990903556
    z: -5.7204020078096673e-05
    roll: 1.5701008950748028
    pitch: 3.1415926535897931
    yaw: 3.1415605336065866
  hash: calib_10683367749926797482